1000
100
25
0 1 563
1 193 807
2 584 479
3 349 895
4 822 745
5 173 858
6 709 513
7 303 14
8 91 364
9 147 165
10 987 445
11 118 4
12 8 377
13 531 570
14 601 606
15 166 662
16 450 351
17 56 607
18 782 801
19 519 301
20 875 725
21 954 924
22 538 142
23 461 235
24 861 209
25 778 842
26 995 998
27 610 392
28 265 296
29 839 23
30 375 92
31 676 56
32 8 917
33 275 272
34 587 690
35 836 725
36 484 205
37 742 467
38 457 948
39 743 108
40 598 384
41 734 608
42 571 360
43 151 224
44 424 802
45 516 988
46 750 345
47 168 656
48 491 63
49 699 504
50 147 948
51 141 904
52 692 302
53 426 70
54 965 682
55 153 876
56 820 581
57 191 177
58 816 474
59 155 503
60 731 405
61 279 568
62 681 755
63 721 474
64 122 367
65 833 35
66 516 662
67 425 104
68 948 920
69 548 345
70 471 374
71 846 316
72 455 271
73 981 297
74 738 566
75 195 760
76 838 397
77 500 889
78 27 993
79 572 50
80 530 193
81 842 626
82 656 197
83 841 123
84 109 742
85 313 940
86 285 335
87 140 732
88 833 707
89 599 746
90 252 144
91 1 60
92 805 851
93 210 115
94 552 14
95 113 454
96 751 685
97 542 73
98 436 201
99 695 290