1000
500
25
0 1 563
1 193 807
2 584 479
3 349 895
4 822 745
5 173 858
6 709 513
7 303 14
8 91 364
9 147 165
10 987 445
11 118 4
12 8 377
13 531 570
14 601 606
15 166 662
16 450 351
17 56 607
18 782 801
19 519 301
20 875 725
21 954 924
22 538 142
23 461 235
24 861 209
25 778 842
26 995 998
27 610 392
28 265 296
29 839 23
30 375 92
31 676 56
32 8 917
33 275 272
34 587 690
35 836 725
36 484 205
37 742 467
38 457 948
39 743 108
40 598 384
41 734 608
42 571 360
43 151 224
44 424 802
45 516 988
46 750 345
47 168 656
48 491 63
49 699 504
50 147 948
51 141 904
52 692 302
53 426 70
54 965 682
55 153 876
56 820 581
57 191 177
58 816 474
59 155 503
60 731 405
61 279 568
62 681 755
63 721 474
64 122 367
65 833 35
66 516 662
67 425 104
68 948 920
69 548 345
70 471 374
71 846 316
72 455 271
73 981 297
74 738 566
75 195 760
76 838 397
77 500 889
78 27 993
79 572 50
80 530 193
81 842 626
82 656 197
83 841 123
84 109 742
85 313 940
86 285 335
87 140 732
88 833 707
89 599 746
90 252 144
91 1 60
92 805 851
93 210 115
94 552 14
95 113 454
96 751 685
97 542 73
98 436 201
99 695 290
100 436 232
101 577 532
102 628 160
103 503 962
104 695 923
105 189 335
106 178 994
107 456 997
108 97 624
109 94 437
110 930 48
111 893 289
112 227 768
113 410 201
114 627 603
115 451 465
116 597 634
117 853 827
118 624 720
119 565 374
120 184 737
121 554 904
122 242 188
123 604 697
124 584 350
125 493 80
126 740 611
127 619 690
128 803 148
129 575 866
130 910 614
131 726 43
132 667 975
133 314 568
134 305 173
135 108 868
136 850 743
137 154 326
138 79 76
139 640 819
140 544 447
141 408 298
142 465 500
143 152 322
144 737 313
145 825 958
146 872 724
147 299 943
148 127 65
149 784 524
150 609 955
151 72 874
152 653 321
153 104 504
154 226 290
155 919 550
156 662 114
157 492 378
158 496 792
159 508 381
160 687 531
161 605 394
162 5 707
163 100 622
164 862 491
165 746 496
166 379 784
167 552 356
168 954 630
169 176 373
170 131 742
171 950 611
172 27 329
173 55 638
174 131 846
175 863 596
176 720 853
177 14 126
178 707 616
179 217 65
180 168 623
181 340 319
182 367 660
183 801 806
184 526 610
185 797 899
186 144 629
187 402 253
188 136 854
189 66 427
190 572 301
191 547 225
192 311 110
193 807 134
194 283 787
195 894 788
196 743 614
197 360 855
198 228 862
199 229 249
200 541 983
201 53 81
202 524 426
203 94 258
204 890 232
205 146 124
206 930 80
207 47 58
208 336 913
209 398 432
210 945 836
211 533 841
212 692 397
213 258 4
214 525 953
215 398 240
216 584 254
217 683 944
218 435 889
219 7 940
220 600 785
221 576 142
222 222 382
223 4 417
224 82 659
225 854 64
226 810 661
227 690 801
228 529 684
229 142 688
230 727 776
231 31 867
232 643 705
233 85 551
234 946 58
235 274 145
236 980 619
237 291 921
238 367 693
239 218 155
240 240 520
241 901 106
242 901 441
243 80 781
244 171 973
245 775 869
246 210 456
247 3 749
248 113 404
249 310 991
250 38 251
251 189 247
252 153 619
253 884 938
254 195 778
255 644 656
256 908 455
257 920 663
258 150 635
259 568 421
260 942 540
261 577 535
262 255 396
263 349 36
264 794 196
265 70 389
266 590 70
267 197 155
268 643 453
269 603 696
270 440 683
271 396 834
272 591 199
273 948 875
274 391 986
275 185 894
276 573 441
277 626 707
278 49 285
279 259 407
280 894 709
281 727 895
282 393 397
283 902 308
284 387 570
285 353 732
286 744 735
287 738 139
288 199 272
289 679 910
290 367 517
291 109 906
292 202 517
293 654 438
294 686 90
295 79 75
296 27 354
297 306 696
298 142 394
299 67 675
300 724 198
301 693 615
302 654 543
303 98 544
304 49 973
305 463 968
306 727 530
307 679 692
308 371 388
309 49 808
310 169 60
311 310 783
312 212 321
313 484 9
314 439 507
315 605 757
316 400 349
317 841 941
318 622 996
319 53 562
320 862 386
321 306 283
322 26 611
323 390 18
324 31 455
325 857 935
326 401 726
327 610 807
328 874 582
329 594 78
330 792 461
331 590 588
332 568 815
333 672 343
334 10 267
335 341 231
336 770 371
337 868 116
338 724 628
339 893 182
340 535 901
341 779 964
342 197 900
343 796 952
344 847 889
345 628 185
346 616 264
347 250 731
348 787 170
349 713 480
350 81 805
351 854 124
352 307 572
353 472 761
354 191 727
355 994 15
356 646 690
357 173 72
358 274 675
359 838 556
360 370 778
361 232 637
362 231 204
363 970 281
364 22 768
365 151 46
366 9 348
367 643 342
368 414 416
369 90 544
370 698 337
371 656 875
372 534 569
373 53 465
374 259 426
375 862 486
376 87 565
377 708 777
378 863 849
379 292 863
380 644 746
381 827 764
382 871 907
383 911 521
384 439 107
385 353 822
386 427 169
387 0 656
388 772 63
389 89 385
390 683 806
391 153 142
392 48 345
393 18 977
394 646 53
395 913 636
396 431 21
397 242 391
398 653 781
399 22 825
400 138 633
401 549 982
402 462 214
403 300 781
404 342 480
405 607 102
406 983 755
407 150 455
408 710 997
409 774 641
410 620 945
411 687 289
412 566 290
413 547 711
414 246 546
415 492 951
416 669 764
417 622 445
418 797 744
419 987 204
420 628 908
421 590 917
422 505 488
423 449 888
424 939 182
425 251 202
426 729 940
427 624 41
428 640 34
429 555 543
430 445 61
431 995 127
432 600 50
433 172 659
434 332 315
435 652 410
436 427 221
437 677 166
438 497 507
439 801 434
440 4 339
441 375 128
442 826 732
443 890 642
444 649 513
445 733 736
446 956 465
447 362 112
448 903 820
449 454 108
450 868 760
451 39 416
452 935 67
453 164 211
454 116 590
455 118 617
456 579 689
457 730 914
458 669 298
459 808 377
460 996 771
461 204 170
462 387 181
463 580 195
464 959 190
465 381 303
466 120 197
467 46 770
468 760 880
469 1 448
470 425 800
471 460 494
472 748 238
473 558 92
474 921 892
475 856 59
476 490 631
477 746 755
478 255 908
479 791 199
480 552 51
481 521 789
482 703 24
483 731 552
484 913 874
485 796 305
486 394 481
487 52 651
488 0 767
489 755 219
490 154 57
491 669 32
492 345 697
493 797 435
494 980 634
495 295 476
496 873 79
497 100 143
498 142 917
499 308 373