1000
150
25
0 1 563
1 193 807
2 584 479
3 349 895
4 822 745
5 173 858
6 709 513
7 303 14
8 91 364
9 147 165
10 987 445
11 118 4
12 8 377
13 531 570
14 601 606
15 166 662
16 450 351
17 56 607
18 782 801
19 519 301
20 875 725
21 954 924
22 538 142
23 461 235
24 861 209
25 778 842
26 995 998
27 610 392
28 265 296
29 839 23
30 375 92
31 676 56
32 8 917
33 275 272
34 587 690
35 836 725
36 484 205
37 742 467
38 457 948
39 743 108
40 598 384
41 734 608
42 571 360
43 151 224
44 424 802
45 516 988
46 750 345
47 168 656
48 491 63
49 699 504
50 147 948
51 141 904
52 692 302
53 426 70
54 965 682
55 153 876
56 820 581
57 191 177
58 816 474
59 155 503
60 731 405
61 279 568
62 681 755
63 721 474
64 122 367
65 833 35
66 516 662
67 425 104
68 948 920
69 548 345
70 471 374
71 846 316
72 455 271
73 981 297
74 738 566
75 195 760
76 838 397
77 500 889
78 27 993
79 572 50
80 530 193
81 842 626
82 656 197
83 841 123
84 109 742
85 313 940
86 285 335
87 140 732
88 833 707
89 599 746
90 252 144
91 1 60
92 805 851
93 210 115
94 552 14
95 113 454
96 751 685
97 542 73
98 436 201
99 695 290
100 436 232
101 577 532
102 628 160
103 503 962
104 695 923
105 189 335
106 178 994
107 456 997
108 97 624
109 94 437
110 930 48
111 893 289
112 227 768
113 410 201
114 627 603
115 451 465
116 597 634
117 853 827
118 624 720
119 565 374
120 184 737
121 554 904
122 242 188
123 604 697
124 584 350
125 493 80
126 740 611
127 619 690
128 803 148
129 575 866
130 910 614
131 726 43
132 667 975
133 314 568
134 305 173
135 108 868
136 850 743
137 154 326
138 79 76
139 640 819
140 544 447
141 408 298
142 465 500
143 152 322
144 737 313
145 825 958
146 872 724
147 299 943
148 127 65
149 784 524